715637
1431274
2146911
2862548
3578185
4293822
5009459
5725096
6440733
7156370
7872007
8587644
9303281
18918
734555
1450192
2165829
2881466
3597103
4312740
5028377
5744014
6459651
7175288
7890925
8606562
9322199
37836
753473
1469110
2184747
2900384
3616021
4331658
5047295
5762932
6478569
7194206
7909843
8625480
9341117
56754
772391
1488028
2203665
2919302
3634939
4350576
5066213
5781850
6497487
7213124
7928761
8644398
9360035
75672
791309
1506946
2222583
2938220
3653857
4369494
5085131
5800768
6516405
7232042
7947679
8663316
9378953
94590
810227
1525864
2241501
2957138
3672775
4388412
5104049
5819686
6535323
7250960
7966597
8682234
9397871
113508
829145
1544782
2260419
2976056
3691693
4407330
5122967
5838604
6554241
7269878
7985515
8701152
9416789
132426
848063
1563700
2279337
2994974
3710611
4426248
5141885
5857522
6573159
7288796
8004433
8720070
9435707
151344
866981
1582618
2298255
3013892
3729529
4445166
5160803
5876440
6592077
7307714
8023351
8738988
9454625
170262
885899
1601536
2317173
3032810
3748447
4464084
5179721
5895358
6610995
7326632
8042269
8757906
9473543
189180
904817
1620454
2336091
3051728
3767365
4483002
5198639
5914276
6629913
7345550
8061187
8776824
9492461
208098
923735
1639372
2355009
3070646
3786283
4501920
5217557
5933194
6648831
7364468
8080105
8795742
9511379
227016
942653
1658290
2373927
3089564
3805201
4520838
5236475
5952112
6667749
7383386
8099023
8814660
9530297
245934
961571
1677208
2392845
3108482
3824119
4539756
5255393
5971030
6686667
7402304
8117941
8833578
9549215
264852
980489
1696126
2411763
3127400
3843037
4558674
5274311
5989948
6705585
7421222
8136859
8852496
9568133
283770
999407
1715044
2430681
3146318
3861955
4577592
5293229
6008866
6724503
7440140
8155777
8871414
9587051
302688
1018325
1733962
2449599
3165236
3880873
4596510
5312147
6027784
6743421
7459058
8174695
8890332
9605969
321606
1037243
1752880
2468517
3184154
3899791
4615428
5331065
6046702
6762339
7477976
8193613
8909250
9624887
340524
1056161
1771798
2487435
3203072
3918709
4634346
5349983
6065620
6781257
7496894
8212531
8928168
9643805
359442
1075079
1790716
2506353
3221990
3937627
4653264
5368901
6084538
6800175
7515812
8231449
8947086
9662723
378360
1093997
1809634
2525271
3240908
3956545
4672182
5387819
6103456
6819093
7534730
8250367
8966004
9681641
397278
1112915
1828552
2544189
3259826
3975463
4691100
5406737
6122374
6838011
7553648
8269285
8984922
9700559
416196
1131833
1847470
2563107
3278744
3994381
4710018
5425655
6141292
6856929
7572566
8288203
9003840
9719477
435114
1150751
1866388
2582025
3297662
4013299
4728936
5444573
6160210
6875847
7591484
8307121
9022758
9738395
454032
1169669
1885306
2600943
3316580
4032217
4747854
5463491
6179128
6894765
7610402
8326039
9041676
9757313
472950
1188587
1904224
2619861
3335498
4051135
4766772
5482409
6198046
6913683
7629320
8344957
9060594
9776231
491868
1207505
1923142
2638779
3354416
4070053
4785690
5501327
6216964
6932601
7648238
8363875
9079512
9795149
510786
1226423
1942060
2657697
3373334
4088971
4804608
5520245
6235882
6951519
7667156
8382793
9098430
9814067
529704
1245341
1960978
2676615
3392252
4107889
4823526
5539163
6254800
6970437
7686074
8401711
9117348
9832985
548622
1264259
1979896
2695533
3411170
4126807
4842444
5558081
6273718
6989355
7704992
8420629
9136266
9851903
567540
1283177
1998814
2714451
3430088
4145725
4861362
5576999
6292636
7008273
7723910
8439547
9155184
9870821
586458
1302095
2017732
2733369
3449006
4164643
4880280
5595917
6311554
7027191
7742828
8458465
9174102
9889739
605376
1321013
2036650
2752287
3467924
4183561
4899198
5614835
6330472
7046109
7761746
8477383
9193020
9908657
624294
1339931
2055568
2771205
3486842
4202479
4918116
5633753
6349390
7065027
7780664
8496301
9211938
9927575
643212
1358849
2074486
2790123
3505760
4221397
4937034
5652671
6368308
7083945
7799582
8515219
9230856
9946493
662130
1377767
2093404
2809041
3524678
4240315
4955952
5671589
6387226
7102863
7818500
8534137
9249774
9965411
681048
1396685
2112322
2827959
3543596
4259233
4974870
5690507
6406144
7121781
7837418
8553055
9268692
9984329
699966
1415603
2131240
2846877
3562514
4278151
4993788
5709425
6425062
7140699
7856336
8571973
9287610
3247
718884
1434521
2150158
2865795
3581432
4297069
5012706
5728343
6443980
7159617
7875254
8590891
9306528
22165
737802
1453439
2169076
2884713
3600350
4315987
5031624
5747261
6462898
7178535
7894172
8609809
9325446
41083
756720
1472357
2187994
2903631
3619268
4334905
5050542
5766179
6481816
7197453
7913090
8628727
9344364
60001
775638
1491275
2206912
2922549
3638186
4353823
5069460
5785097
6500734
7216371
7932008
8647645
9363282
78919
794556
1510193
2225830
2941467
3657104
4372741
5088378
5804015
6519652
7235289
7950926
8666563
9382200
97837
813474
1529111
2244748
2960385
3676022
4391659
5107296
5822933
6538570
7254207
7969844
8685481
9401118
116755
832392
1548029
2263666
2979303
3694940
4410577
5126214
5841851
6557488
7273125
7988762
8704399
9420036
135673
851310
1566947
2282584
2998221
3713858
4429495
5145132
5860769
6576406
7292043
8007680
8723317
9438954
154591
870228
1585865
2301502
3017139
3732776
4448413
5164050
5879687
6595324
7310961
8026598
8742235
9457872
173509
889146
1604783
2320420
3036057
3751694
4467331
5182968
5898605
6614242
7329879
8045516
8761153
9476790
192427
908064
1623701
2339338
3054975
3770612
4486249
5201886
5917523
6633160
7348797
8064434
8780071
9495708
211345
926982
1642619
2358256
3073893
3789530
4505167
5220804
5936441
6652078
7367715
8083352
8798989
9514626
230263
945900
1661537
2377174
3092811
3808448
4524085
5239722
5955359
6670996
7386633
8102270
8817907
9533544
249181
964818
1680455
2396092
3111729
3827366
4543003
5258640
5974277
6689914
7405551
8121188
8836825
9552462
268099
983736
1699373
2415010
3130647
3846284
4561921
5277558
5993195
6708832
7424469
8140106
8855743
9571380
287017
1002654
1718291
2433928
3149565
3865202
4580839
5296476
6012113
6727750
7443387
8159024
8874661
9590298
305935
1021572
1737209
2452846
3168483
3884120
4599757
5315394
6031031
6746668
7462305
8177942
8893579
9609216
324853
1040490
1756127
2471764
3187401
3903038
4618675
5334312
6049949
6765586
7481223
8196860
8912497
9628134
343771
1059408
1775045
2490682
3206319
3921956
4637593
5353230
6068867
6784504
7500141
8215778
8931415
9647052
362689
1078326
1793963
2509600
3225237
3940874
4656511
5372148
6087785
6803422
7519059
8234696
8950333
9665970
381607
1097244
1812881
2528518
3244155
3959792
4675429
5391066
6106703
6822340
7537977
8253614
8969251
9684888
400525
1116162
1831799
2547436
3263073
3978710
4694347
5409984
6125621
6841258
7556895
8272532
8988169
9703806
419443
1135080
1850717
2566354
3281991
3997628
4713265
5428902
6144539
6860176
7575813
8291450
9007087
9722724
438361
1153998
1869635
2585272
3300909
4016546
4732183
5447820
6163457
6879094
7594731
8310368
9026005
9741642
457279
1172916
1888553
2604190
3319827
4035464
4751101
5466738
6182375
6898012
7613649
8329286
9044923
9760560
476197
1191834
1907471
2623108
3338745
4054382
4770019
5485656
6201293
6916930
7632567
8348204
9063841
9779478
495115
1210752
1926389
2642026
3357663
4073300
4788937
5504574
6220211
6935848
7651485
8367122
9082759
9798396
514033
1229670
1945307
2660944
3376581
4092218
4807855
5523492
6239129
6954766
7670403
8386040
9101677
9817314
532951
1248588
1964225
2679862
3395499
4111136
4826773
5542410
6258047
6973684
7689321
8404958
9120595
9836232
551869
1267506
1983143
2698780
3414417
4130054
4845691
5561328
6276965
6992602
7708239
8423876
9139513
9855150
570787
1286424
2002061
2717698
3433335
4148972
4864609
5580246
6295883
7011520
7727157
8442794
9158431
9874068
589705
1305342
2020979
2736616
3452253
4167890
4883527
5599164
6314801
7030438
7746075
8461712
9177349
9892986
608623
1324260
2039897
2755534
3471171
4186808
4902445
5618082
6333719
7049356
7764993
8480630
9196267
9911904
627541
1343178
2058815
2774452
3490089
4205726
4921363
5637000
6352637
7068274
7783911
8499548
9215185
9930822
646459
1362096
2077733
2793370
3509007
4224644
4940281
5655918
6371555
7087192
7802829
8518466
9234103
9949740
665377
1381014
2096651
2812288
3527925
4243562
4959199
5674836
6390473
7106110
7821747
8537384
9253021
9968658
684295
1399932
2115569
2831206
3546843
4262480
4978117
5693754
6409391
7125028
7840665
8556302
9271939
9987576
703213
1418850
2134487
2850124
3565761
4281398
4997035
5712672
6428309
7143946
7859583
8575220
9290857
6494
722131
1437768
2153405
2869042
3584679
4300316
5015953
5731590
6447227
7162864
7878501
8594138
9309775
25412
741049
1456686
2172323
2887960
3603597
4319234
5034871
5750508
6466145
7181782
7897419
8613056
9328693
44330
759967
1475604
2191241
2906878
3622515
4338152
5053789
5769426
6485063
7200700
7916337
8631974
9347611
63248
778885
1494522
2210159
2925796
3641433
4357070
5072707
5788344
6503981
7219618
7935255
8650892
9366529
82166
797803
1513440
2229077
2944714
3660351
4375988
5091625
5807262
6522899
7238536
7954173
8669810
9385447
101084
816721
1532358
2247995
2963632
3679269
4394906
5110543
5826180
6541817
7257454
7973091
8688728
9404365
120002
835639
1551276
2266913
2982550
3698187
4413824
5129461
5845098
6560735
7276372
7992009
8707646
9423283
138920
854557
1570194
2285831
3001468
3717105
4432742
5148379
5864016
6579653
7295290
8010927
8726564
9442201
157838
873475
1589112
2304749
3020386
3736023
4451660
5167297
5882934
6598571
7314208
8029845
8745482
9461119
176756
892393
1608030
2323667
3039304
3754941
4470578
5186215
5901852
6617489
7333126
8048763
8764400
9480037
195674
911311
1626948
2342585
3058222
3773859
4489496
5205133
5920770
6636407
7352044
8067681
8783318
9498955
214592
930229
1645866
2361503
3077140
3792777
4508414
5224051
5939688
6655325
7370962
8086599
8802236
9517873
233510
949147
1664784
2380421
3096058
3811695
4527332
5242969
5958606
6674243
7389880
8105517
8821154
9536791
252428
968065
1683702
2399339
3114976
3830613
4546250
5261887
5977524
6693161
7408798
8124435
8840072
9555709
271346
986983
1702620
2418257
3133894
3849531
4565168
5280805
5996442
6712079
7427716
8143353
8858990
9574627
290264
1005901
1721538
2437175
3152812
3868449
4584086
5299723
6015360
6730997
7446634
8162271
8877908
9593545
309182
1024819
1740456
2456093
3171730
3887367
4603004
5318641
6034278
6749915
7465552
8181189
8896826
9612463
328100
1043737
1759374
2475011
3190648
3906285
4621922
5337559
6053196
6768833
7484470
8200107
8915744
9631381
347018
1062655
1778292
2493929
3209566
3925203
4640840
5356477
6072114
6787751
7503388
8219025
8934662
9650299
365936
1081573
1797210
2512847
3228484
3944121
4659758
5375395
6091032
6806669
7522306
8237943
8953580
9669217
384854
1100491
1816128
2531765
3247402
3963039
4678676
5394313
6109950
6825587
7541224
8256861
8972498
9688135
403772
1119409
1835046
2550683
3266320
3981957
4697594
5413231
6128868
6844505
7560142
8275779
8991416
9707053
422690
1138327
1853964
2569601
3285238
4000875
4716512
5432149
6147786
6863423
7579060
8294697
9010334
9725971
441608
1157245
1872882
2588519
3304156
4019793
4735430
5451067
6166704
6882341
7597978
8313615
9029252
9744889
460526
1176163
1891800
2607437
3323074
4038711
4754348
5469985
6185622
6901259
7616896
8332533
9048170
9763807
479444
1195081
1910718
2626355
3341992
4057629
4773266
5488903
6204540
6920177
7635814
8351451
9067088
9782725
498362
1213999
1929636
2645273
3360910
4076547
4792184
5507821
6223458
6939095
7654732
8370369
9086006
9801643
517280
1232917
1948554
2664191
3379828
4095465
4811102
5526739
6242376
6958013
7673650
8389287
9104924
9820561
536198
1251835
1967472
2683109
3398746
4114383
4830020
5545657
6261294
6976931
7692568
8408205
9123842
9839479
555116
1270753
1986390
2702027
3417664
4133301
4848938
5564575
6280212
6995849
7711486
8427123
9142760
9858397
574034
1289671
2005308
2720945
3436582
4152219
4867856
5583493
6299130
7014767
7730404
8446041
9161678
9877315
592952
1308589
2024226
2739863
3455500
4171137
4886774
5602411
6318048
7033685
7749322
8464959
9180596
9896233
611870
1327507
2043144
2758781
3474418
4190055
4905692
5621329
6336966
7052603
7768240
8483877
9199514
9915151
630788
1346425
2062062
2777699
3493336
4208973
4924610
5640247
6355884
7071521
7787158
8502795
9218432
9934069
649706
1365343
2080980
2796617
3512254
4227891
4943528
5659165
6374802
7090439
7806076
8521713
9237350
9952987
668624
1384261
2099898
2815535
3531172
4246809
4962446
5678083
6393720
7109357
7824994
8540631
9256268
9971905
687542
1403179
2118816
2834453
3550090
4265727
4981364
5697001
6412638
7128275
7843912
8559549
9275186
9990823
706460
1422097
2137734
2853371
3569008
4284645
5000282
5715919
6431556
7147193
7862830
8578467
9294104
9741
725378
1441015
2156652
2872289
3587926
4303563
5019200
5734837
6450474
7166111
7881748
8597385
9313022
28659
744296
1459933
2175570
2891207
3606844
4322481
5038118
5753755
6469392
7185029
7900666
8616303
9331940
47577
763214
1478851
2194488
2910125
3625762
4341399
5057036
5772673
6488310
7203947
7919584
8635221
9350858
66495
782132
1497769
2213406
2929043
3644680
4360317
5075954
5791591
6507228
7222865
7938502
8654139
9369776
85413
801050
1516687
2232324
2947961
3663598
4379235
5094872
5810509
6526146
7241783
7957420
8673057
9388694
104331
819968
1535605
2251242
2966879
3682516
4398153
5113790
5829427
6545064
7260701
7976338
8691975
9407612
123249
838886
1554523
2270160
2985797
3701434
4417071
5132708
5848345
6563982
7279619
7995256
8710893
9426530
142167
857804
1573441
2289078
3004715
3720352
4435989
5151626
5867263
6582900
7298537
8014174
8729811
9445448
161085
876722
1592359
2307996
3023633
3739270
4454907
5170544
5886181
6601818
7317455
8033092
8748729
9464366
180003
895640
1611277
2326914
3042551
3758188
4473825
5189462
5905099
6620736
7336373
8052010
8767647
9483284
198921
914558
1630195
2345832
3061469
3777106
4492743
5208380
5924017
6639654
7355291
8070928
8786565
9502202
217839
933476
1649113
2364750
3080387
3796024
4511661
5227298
5942935
6658572
7374209
8089846
8805483
9521120
236757
952394
1668031
2383668
3099305
3814942
4530579
5246216
5961853
6677490
7393127
8108764
8824401
9540038
255675
971312
1686949
2402586
3118223
3833860
4549497
5265134
5980771
6696408
7412045
8127682
8843319
9558956
274593
990230
1705867
2421504
3137141
3852778
4568415
5284052
5999689
6715326
7430963
8146600
8862237
9577874
293511
1009148
1724785
2440422
3156059
3871696
4587333
5302970
6018607
6734244
7449881
8165518
8881155
9596792
312429
1028066
1743703
2459340
3174977
3890614
4606251
5321888
6037525
6753162
7468799
8184436
8900073
9615710
331347
1046984
1762621
2478258
3193895
3909532
4625169
5340806
6056443
6772080
7487717
8203354
8918991
9634628
350265
1065902
1781539
2497176
3212813
3928450
4644087
5359724
6075361
6790998
7506635
8222272
8937909
9653546
369183
1084820
1800457
2516094
3231731
3947368
4663005
5378642
6094279
6809916
7525553
8241190
8956827
9672464
388101
1103738
1819375
2535012
3250649
3966286
4681923
5397560
6113197
6828834
7544471
8260108
8975745
9691382
407019
1122656
1838293
2553930
3269567
3985204
4700841
5416478
6132115
6847752
7563389
8279026
8994663
9710300
425937
1141574
1857211
2572848
3288485
4004122
4719759
5435396
6151033
6866670
7582307
8297944
9013581
9729218
444855
1160492
1876129
2591766
3307403
4023040
4738677
5454314
6169951
6885588
7601225
8316862
9032499
9748136
463773
1179410
1895047
2610684
3326321
4041958
4757595
5473232
6188869
6904506
7620143
8335780
9051417
9767054
482691
1198328
1913965
2629602
3345239
4060876
4776513
5492150
6207787
6923424
7639061
8354698
9070335
9785972
501609
1217246
1932883
2648520
3364157
4079794
4795431
5511068
6226705
6942342
7657979
8373616
9089253
9804890
520527
1236164
1951801
2667438
3383075
4098712
4814349
5529986
6245623
6961260
7676897
8392534
9108171
9823808
539445
1255082
1970719
2686356
3401993
4117630
4833267
5548904
6264541
6980178
7695815
8411452
9127089
9842726
558363
1274000
1989637
2705274
3420911
4136548
4852185
5567822
6283459
6999096
7714733
8430370
9146007
9861644
577281
1292918
2008555
2724192
3439829
4155466
4871103
5586740
6302377
7018014
7733651
8449288
9164925
9880562
596199
1311836
2027473
2743110
3458747
4174384
4890021
5605658
6321295
7036932
7752569
8468206
9183843
9899480
615117
1330754
2046391
2762028
3477665
4193302
4908939
5624576
6340213
7055850
7771487
8487124
9202761
9918398
634035
1349672
2065309
2780946
3496583
4212220
4927857
5643494
6359131
7074768
7790405
8506042
9221679
9937316
652953
1368590
2084227
2799864
3515501
4231138
4946775
5662412
6378049
7093686
7809323
8524960
9240597
9956234
671871
1387508
2103145
2818782
3534419
4250056
4965693
5681330
6396967
7112604
7828241
8543878
9259515
9975152
690789
1406426
2122063
2837700
3553337
4268974
4984611
5700248
6415885
7131522
7847159
8562796
9278433
9994070
709707
1425344
2140981
2856618
3572255
4287892
5003529
5719166
6434803
7150440
7866077
8581714
9297351
12988
728625
1444262
2159899
2875536
3591173
4306810
5022447
5738084
6453721
7169358
7884995
8600632
9316269
31906
747543
1463180
2178817
2894454
3610091
4325728
5041365
5757002
6472639
7188276
7903913
8619550
9335187
50824
766461
1482098
2197735
2913372
3629009
4344646
5060283
5775920
6491557
7207194
7922831
8638468
9354105
69742
785379
1501016
2216653
2932290
3647927
4363564
5079201
5794838
6510475
7226112
7941749
8657386
9373023
88660
804297
1519934
2235571
2951208
3666845
4382482
5098119
5813756
6529393
7245030
7960667
8676304
9391941
107578
823215
1538852
2254489
2970126
3685763
4401400
5117037
5832674
6548311
7263948
7979585
8695222
9410859
126496
842133
1557770
2273407
2989044
3704681
4420318
5135955
5851592
6567229
7282866
7998503
8714140
9429777
145414
861051
1576688
2292325
3007962
3723599
4439236
5154873
5870510
6586147
7301784
8017421
8733058
9448695
164332
879969
1595606
2311243
3026880
3742517
4458154
5173791
5889428
6605065
7320702
8036339
8751976
9467613
183250
898887
1614524
2330161
3045798
3761435
4477072
5192709
5908346
6623983
7339620
8055257
8770894
9486531
202168
917805
1633442
2349079
3064716
3780353
4495990
5211627
5927264
6642901
7358538
8074175
8789812
9505449
221086
936723
1652360
2367997
3083634
3799271
4514908
5230545
5946182
6661819
7377456
8093093
8808730
9524367
240004
955641
1671278
2386915
3102552
3818189
4533826
5249463
5965100
6680737
7396374
8112011
8827648
9543285
258922
974559
1690196
2405833
3121470
3837107
4552744
5268381
5984018
6699655
7415292
8130929
8846566
9562203
277840
993477
1709114
2424751
3140388
3856025
4571662
5287299
6002936
6718573
7434210
8149847
8865484
9581121
296758
1012395
1728032
2443669
3159306
3874943
4590580
5306217
6021854
6737491
7453128
8168765
8884402
9600039
315676
1031313
1746950
2462587
3178224
3893861
4609498
5325135
6040772
6756409
7472046
8187683
8903320
9618957
334594
1050231
1765868
2481505
3197142
3912779
4628416
5344053
6059690
6775327
7490964
8206601
8922238
9637875
353512
1069149
1784786
2500423
3216060
3931697
4647334
5362971
6078608
6794245
7509882
8225519
8941156
9656793
372430
1088067
1803704
2519341
3234978
3950615
4666252
5381889
6097526
6813163
7528800
8244437
8960074
9675711
391348
1106985
1822622
2538259
3253896
3969533
4685170
5400807
6116444
6832081
7547718
8263355
8978992
9694629
410266
1125903
1841540
2557177
3272814
3988451
4704088
5419725
6135362
6850999
7566636
8282273
8997910
9713547
429184
1144821
1860458
2576095
3291732
4007369
4723006
5438643
6154280
6869917
7585554
8301191
9016828
9732465
448102
1163739
1879376
2595013
3310650
4026287
4741924
5457561
6173198
6888835
7604472
8320109
9035746
9751383
467020
1182657
1898294
2613931
3329568
4045205
4760842
5476479
6192116
6907753
7623390
8339027
9054664
9770301
485938
1201575
1917212
2632849
3348486
4064123
4779760
5495397
6211034
6926671
7642308
8357945
9073582
9789219
504856
1220493
1936130
2651767
3367404
4083041
4798678
5514315
6229952
6945589
7661226
8376863
9092500
9808137
523774
1239411
1955048
2670685
3386322
4101959
4817596
5533233
6248870
6964507
7680144
8395781
9111418
9827055
542692
1258329
1973966
2689603
3405240
4120877
4836514
5552151
6267788
6983425
7699062
8414699
9130336
9845973
561610
1277247
1992884
2708521
3424158
4139795
4855432
5571069
6286706
7002343
7717980
8433617
9149254
9864891
580528
1296165
2011802
2727439
3443076
4158713
4874350
5589987
6305624
7021261
7736898
8452535
9168172
9883809
599446
1315083
2030720
2746357
3461994
4177631
4893268
5608905
6324542
7040179
7755816
8471453
9187090
9902727
618364
1334001
2049638
2765275
3480912
4196549
4912186
5627823
6343460
7059097
7774734
8490371
9206008
9921645
637282
1352919
2068556
2784193
3499830
4215467
4931104
5646741
6362378
7078015
7793652
8509289
9224926
9940563
656200
1371837
2087474
2803111
3518748
4234385
4950022
5665659
6381296
7096933
7812570
8528207
9243844
9959481
675118
1390755
2106392
2822029
3537666
4253303
4968940
5684577
6400214
7115851
7831488
8547125
9262762
9978399
694036
1409673
2125310
2840947
3556584
4272221
4987858
5703495
6419132
7134769
7850406
8566043
9281680
9997317
712954
1428591
2144228
2859865
3575502
4291139
5006776
5722413
6438050
7153687
7869324
8584961
9300598
16235
731872
1447509
2163146
2878783
3594420
4310057
5025694
5741331
6456968
7172605
7888242
8603879
9319516
35153
750790
1466427
2182064
2897701
3613338
4328975
5044612
5760249
6475886
7191523
7907160
8622797
9338434
54071
769708
1485345
2200982
2916619
3632256
4347893
5063530
5779167
6494804
7210441
7926078
8641715
9357352
72989
788626
1504263
2219900
2935537
3651174
4366811
5082448
5798085
6513722
7229359
7944996
8660633
9376270
91907
807544
1523181
2238818
2954455
3670092
4385729
5101366
5817003
6532640
7248277
7963914
8679551
9395188
110825
826462
1542099
2257736
2973373
3689010
4404647
5120284
5835921
6551558
7267195
7982832
8698469
9414106
129743
845380
1561017
2276654
2992291
3707928
4423565
5139202
5854839
6570476
7286113
8001750
8717387
9433024
148661
864298
1579935
2295572
3011209
3726846
4442483
5158120
5873757
6589394
7305031
8020668
8736305
9451942
167579
883216
1598853
2314490
3030127
3745764
4461401
5177038
5892675
6608312
7323949
8039586
8755223
9470860
186497
902134
1617771
2333408
3049045
3764682
4480319
5195956
5911593
6627230
7342867
8058504
8774141
9489778
205415
921052
1636689
2352326
3067963
3783600
4499237
5214874
5930511
6646148
7361785
8077422
8793059
9508696
224333
939970
1655607
2371244
3086881
3802518
4518155
5233792
5949429
6665066
7380703
8096340
8811977
9527614
243251
958888
1674525
2390162
3105799
3821436
4537073
5252710
5968347
6683984
7399621
8115258
8830895
9546532
262169
977806
1693443
2409080
3124717
3840354
4555991
5271628
5987265
6702902
7418539
8134176
8849813
9565450
281087
996724
1712361
2427998
3143635
3859272
4574909
5290546
6006183
6721820
7437457
8153094
8868731
9584368
300005
1015642
1731279
2446916
3162553
3878190
4593827
5309464
6025101
6740738
7456375
8172012
8887649
9603286
318923
1034560
1750197
2465834
3181471
3897108
4612745
5328382
6044019
6759656
7475293
8190930
8906567
9622204
337841
1053478
1769115
2484752
3200389
3916026
4631663
5347300
6062937
6778574
7494211
8209848
8925485
9641122
356759
1072396
1788033
2503670
3219307
3934944
4650581
5366218
6081855
6797492
7513129
8228766
8944403
9660040
375677
1091314
1806951
2522588
3238225
3953862
4669499
5385136
6100773
6816410
7532047
8247684
8963321
9678958
394595
1110232
1825869
2541506
3257143
3972780
4688417
5404054
6119691
6835328
7550965
8266602
8982239
9697876
413513
1129150
1844787
2560424
3276061
3991698
4707335
5422972
6138609
6854246
7569883
8285520
9001157
9716794
432431
1148068
1863705
2579342
3294979
4010616
4726253
5441890
6157527
6873164
7588801
8304438
9020075
9735712
451349
1166986
1882623
2598260
3313897
4029534
4745171
5460808
6176445
6892082
7607719
8323356
9038993
9754630
470267
1185904
1901541
2617178
3332815
4048452
4764089
5479726
6195363
6911000
7626637
8342274
9057911
9773548
489185
1204822
1920459
2636096
3351733
4067370
4783007
5498644
6214281
6929918
7645555
8361192
9076829
9792466
508103
1223740
1939377
2655014
3370651
4086288
4801925
5517562
6233199
6948836
7664473
8380110
9095747
9811384
527021
1242658
1958295
2673932
3389569
4105206
4820843
5536480
6252117
6967754
7683391
8399028
9114665
9830302
545939
1261576
1977213
2692850
3408487
4124124
4839761
5555398
6271035
6986672
7702309
8417946
9133583
9849220
564857
1280494
1996131
2711768
3427405
4143042
4858679
5574316
6289953
7005590
7721227
8436864
9152501
9868138
583775
1299412
2015049
2730686
3446323
4161960
4877597
5593234
6308871
7024508
7740145
8455782
9171419
9887056
602693
1318330
2033967
2749604
3465241
4180878
4896515
5612152
6327789
7043426
7759063
8474700
9190337
9905974
621611
1337248
2052885
2768522
3484159
4199796
4915433
5631070
6346707
7062344
7777981
8493618
9209255
9924892
640529
1356166
2071803
2787440
3503077
4218714
4934351
5649988
6365625
7081262
7796899
8512536
9228173
9943810
659447
1375084
2090721
2806358
3521995
4237632
4953269
5668906
6384543
7100180
7815817
8531454
9247091
9962728
678365
1394002
2109639
2825276
3540913
4256550
4972187
5687824
6403461
7119098
7834735
8550372
9266009
9981646
697283
1412920
2128557
2844194
3559831
4275468
4991105
5706742
6422379
7138016
7853653
8569290
9284927
564
716201
1431838
2147475
2863112
3578749
4294386
5010023
5725660
6441297
7156934
7872571
8588208
9303845
19482
735119
1450756
2166393
2882030
3597667
4313304
5028941
5744578
6460215
7175852
7891489
8607126
9322763
38400
754037
1469674
2185311
2900948
3616585
4332222
5047859
5763496
6479133
7194770
7910407
8626044
9341681
57318
772955
1488592
2204229
2919866
3635503
4351140
5066777
5782414
6498051
7213688
7929325
8644962
9360599
76236
791873
1507510
2223147
2938784
3654421
4370058
5085695
5801332
6516969
7232606
7948243
8663880
9379517
95154
810791
1526428
2242065
2957702
3673339
4388976
5104613
5820250
6535887
7251524
7967161
8682798
9398435
114072
829709
1545346
2260983
2976620
3692257
4407894
5123531
5839168
6554805
7270442
7986079
8701716
9417353
132990
848627
1564264
2279901
2995538
3711175
4426812
5142449
5858086
6573723
7289360
8004997
8720634
9436271
151908
867545
1583182
2298819
3014456
3730093
4445730
5161367
5877004
6592641
7308278
8023915
8739552
9455189
170826
886463
1602100
2317737
3033374
3749011
4464648
5180285
5895922
6611559
7327196
8042833
8758470
9474107
189744
905381
1621018
2336655
3052292
3767929
4483566
5199203
5914840
6630477
7346114
8061751
8777388
9493025
208662
924299
1639936
2355573
3071210
3786847
4502484
5218121
5933758
6649395
7365032
8080669
8796306
9511943
227580
943217
1658854
2374491
3090128
3805765
4521402
5237039
5952676
6668313
7383950
8099587
8815224
9530861
246498
962135
1677772
2393409
3109046
3824683
4540320
5255957
5971594
6687231
7402868
8118505
8834142
9549779
265416
981053
1696690
2412327
3127964
3843601
4559238
5274875
5990512
6706149
7421786
8137423
8853060
9568697
284334
999971
1715608
2431245
3146882
3862519
4578156
5293793
6009430
6725067
7440704
8156341
8871978
9587615
303252
1018889
1734526
2450163
3165800
3881437
4597074
5312711
6028348
6743985
7459622
8175259
8890896
9606533
322170
1037807
1753444
2469081
3184718
3900355
4615992
5331629
6047266
6762903
7478540
8194177
8909814
9625451
341088
1056725
1772362
2487999
3203636
3919273
4634910
5350547
6066184
6781821
7497458
8213095
8928732
9644369
360006
1075643
1791280
2506917
3222554
3938191
4653828
5369465
6085102
6800739
7516376
8232013
8947650
9663287
378924
1094561
1810198
2525835
3241472
3957109
4672746
5388383
6104020
6819657
7535294
8250931
8966568
9682205
397842
1113479
1829116
2544753
3260390
3976027
4691664
5407301
6122938
6838575
7554212
8269849
8985486
9701123
416760
1132397
1848034
2563671
3279308
3994945
4710582
5426219
6141856
6857493
7573130
8288767
9004404
9720041
435678
1151315
1866952
2582589
3298226
4013863
4729500
5445137
6160774
6876411
7592048
8307685
9023322
9738959
454596
1170233
1885870
2601507
3317144
4032781
4748418
5464055
6179692
6895329
7610966
8326603
9042240
9757877
473514
1189151
1904788
2620425
3336062
4051699
4767336
5482973
6198610
6914247
7629884
8345521
9061158
9776795
492432
1208069
1923706
2639343
3354980
4070617
4786254
5501891
6217528
6933165
7648802
8364439
9080076
9795713
511350
1226987
1942624
2658261
3373898
4089535
4805172
5520809
6236446
6952083
7667720
8383357
9098994
9814631
530268
1245905
1961542
2677179
3392816
4108453
4824090
5539727
6255364
6971001
7686638
8402275
9117912
9833549
549186
1264823
1980460
2696097
3411734
4127371
4843008
5558645
6274282
6989919
7705556
8421193
9136830
9852467
568104
1283741
1999378
2715015
3430652
4146289
4861926
5577563
6293200
7008837
7724474
8440111
9155748
9871385
587022
1302659
2018296
2733933
3449570
4165207
4880844
5596481
6312118
7027755
7743392
8459029
9174666
9890303
605940
1321577
2037214
2752851
3468488
4184125
4899762
5615399
6331036
7046673
7762310
8477947
9193584
9909221
624858
1340495
2056132
2771769
3487406
4203043
4918680
5634317
6349954
7065591
7781228
8496865
9212502
9928139
643776
1359413
2075050
2790687
3506324
4221961
4937598
5653235
6368872
7084509
7800146
8515783
9231420
9947057
662694
1378331
2093968
2809605
3525242
4240879
4956516
5672153
6387790
7103427
7819064
8534701
9250338
9965975
681612
1397249
2112886
2828523
3544160
4259797
4975434
5691071
6406708
7122345
7837982
8553619
9269256
9984893
700530
1416167
2131804
2847441
3563078
4278715
4994352
5709989
6425626
7141263
7856900
8572537
9288174
3811
719448
1435085
2150722
2866359
3581996
4297633
5013270
5728907
6444544
7160181
7875818
8591455
9307092
22729
738366
1454003
2169640
2885277
3600914
4316551
5032188
5747825
6463462
7179099
7894736
8610373
9326010
41647
757284
1472921
2188558
2904195
3619832
4335469
5051106
5766743
6482380
7198017
7913654
8629291
9344928
60565
776202
1491839
2207476
2923113
3638750
4354387
5070024
5785661
6501298
7216935
7932572
8648209
9363846
79483
795120
1510757
2226394
2942031
3657668
4373305
5088942
5804579
6520216
7235853
7951490
8667127
9382764
98401
814038
1529675
2245312
2960949
3676586
4392223
5107860
5823497
6539134
7254771
7970408
8686045
9401682
117319
832956
1548593
2264230
2979867
3695504
4411141
5126778
5842415
6558052
7273689
7989326
8704963
9420600
136237
851874
1567511
2283148
2998785
3714422
4430059
5145696
5861333
6576970
7292607
8008244
8723881
9439518
155155
870792
1586429
2302066
3017703
3733340
4448977
5164614
5880251
6595888
7311525
8027162
8742799
9458436
174073
889710
1605347
2320984
3036621
3752258
4467895
5183532
5899169
6614806
7330443
8046080
8761717
9477354
192991
908628
1624265
2339902
3055539
3771176
4486813
5202450
5918087
6633724
7349361
8064998
8780635
9496272
211909
927546
1643183
2358820
3074457
3790094
4505731
5221368
5937005
6652642
7368279
8083916
8799553
9515190
230827
946464
1662101
2377738
3093375
3809012
4524649
5240286
5955923
6671560
7387197
8102834
8818471
9534108
249745
965382
1681019
2396656
3112293
3827930
4543567
5259204
5974841
6690478
7406115
8121752
8837389
9553026
268663
984300
1699937
2415574
3131211
3846848
4562485
5278122
5993759
6709396
7425033
8140670
8856307
9571944
287581
1003218
1718855
2434492
3150129
3865766
4581403
5297040
6012677
6728314
7443951
8159588
8875225
9590862
306499
1022136
1737773
2453410
3169047
3884684
4600321
5315958
6031595
6747232
7462869
8178506
8894143
9609780
325417
1041054
1756691
2472328
3187965
3903602
4619239
5334876
6050513
6766150
7481787
8197424
8913061
9628698
344335
1059972
1775609
2491246
3206883
3922520
4638157
5353794
6069431
6785068
7500705
8216342
8931979
9647616
363253
1078890
1794527
2510164
3225801
3941438
4657075
5372712
6088349
6803986
7519623
8235260
8950897
9666534
382171
1097808
1813445
2529082
3244719
3960356
4675993
5391630
6107267
6822904
7538541
8254178
8969815
9685452
401089
1116726
1832363
2548000
3263637
3979274
4694911
5410548
6126185
6841822
7557459
8273096
8988733
9704370
420007
1135644
1851281
2566918
3282555
3998192
4713829
5429466
6145103
6860740
7576377
8292014
9007651
9723288
438925
1154562
1870199
2585836
3301473
4017110
4732747
5448384
6164021
6879658
7595295
8310932
9026569
9742206
457843
1173480
1889117
2604754
3320391
4036028
4751665
5467302
6182939
6898576
7614213
8329850
9045487
9761124
476761
1192398
1908035
2623672
3339309
4054946
4770583
5486220
6201857
6917494
7633131
8348768
9064405
9780042
495679
1211316
1926953
2642590
3358227
4073864
4789501
5505138
6220775
6936412
7652049
8367686
9083323
9798960
514597
1230234
1945871
2661508
3377145
4092782
4808419
5524056
6239693
6955330
7670967
8386604
9102241
9817878
533515
1249152
1964789
2680426
3396063
4111700
4827337
5542974
6258611
6974248
7689885
8405522
9121159
9836796
552433
1268070
1983707
2699344
3414981
4130618
4846255
5561892
6277529
6993166
7708803
8424440
9140077
9855714
571351
1286988
2002625
2718262
3433899
4149536
4865173
5580810
6296447
7012084
7727721
8443358
9158995
9874632
590269
1305906
2021543
2737180
3452817
4168454
4884091
5599728
6315365
7031002
7746639
8462276
9177913
9893550
609187
1324824
2040461
2756098
3471735
4187372
4903009
5618646
6334283
7049920
7765557
8481194
9196831
9912468
628105
1343742
2059379
2775016
3490653
4206290
4921927
5637564
6353201
7068838
7784475
8500112
9215749
9931386
647023
1362660
2078297
2793934
3509571
4225208
4940845
5656482
6372119
7087756
7803393
8519030
9234667
9950304
665941
1381578
2097215
2812852
3528489
4244126
4959763
5675400
6391037
7106674
7822311
8537948
9253585
9969222
684859
1400496
2116133
2831770
3547407
4263044
4978681
5694318
6409955
7125592
7841229
8556866
9272503
9988140
703777
1419414
2135051
2850688
3566325
4281962
4997599
5713236
6428873
7144510
7860147
8575784
9291421
7058
722695
1438332
2153969
2869606
3585243
4300880
5016517
5732154
6447791
7163428
7879065
8594702
9310339
25976
741613
1457250
2172887
2888524
3604161
4319798
5035435
5751072
6466709
7182346
7897983
8613620
9329257
44894
760531
1476168
2191805
2907442
3623079
4338716
5054353
5769990
6485627
7201264
7916901
8632538
9348175
63812
779449
1495086
2210723
2926360
3641997
4357634
5073271
5788908
6504545
7220182
7935819
8651456
9367093
82730
798367
1514004
2229641
2945278
3660915
4376552
5092189
5807826
6523463
7239100
7954737
8670374
9386011
101648
817285
1532922
2248559
2964196
3679833
4395470
5111107
5826744
6542381
7258018
7973655
8689292
9404929
120566
836203
1551840
2267477
2983114
3698751
4414388
5130025
5845662
6561299
7276936
7992573
8708210
9423847
139484
855121
1570758
2286395
3002032
3717669
4433306
5148943
5864580
6580217
7295854
8011491
8727128
9442765
158402
874039
1589676
2305313
3020950
3736587
4452224
5167861
5883498
6599135
7314772
8030409
8746046
9461683
177320
892957
1608594
2324231
3039868
3755505
4471142
5186779
5902416
6618053
7333690
8049327
8764964
9480601
196238
911875
1627512
2343149
3058786
3774423
4490060
5205697
5921334
6636971
7352608
8068245
8783882
9499519
215156
930793
1646430
2362067
3077704
3793341
4508978
5224615
5940252
6655889
7371526
8087163
8802800
9518437
234074
949711
1665348
2380985
3096622
3812259
4527896
5243533
5959170
6674807
7390444
8106081
8821718
9537355
252992
968629
1684266
2399903
3115540
3831177
4546814
5262451
5978088
6693725
7409362
8124999
8840636
9556273
271910
987547
1703184
2418821
3134458
3850095
4565732
5281369
5997006
6712643
7428280
8143917
8859554
9575191
290828
1006465
1722102
2437739
3153376
3869013
4584650
5300287
6015924
6731561
7447198
8162835
8878472
9594109
309746
1025383
1741020
2456657
3172294
3887931
4603568
5319205
6034842
6750479
7466116
8181753
8897390
9613027
328664
1044301
1759938
2475575
3191212
3906849
4622486
5338123
6053760
6769397
7485034
8200671
8916308
9631945
347582
1063219
1778856
2494493
3210130
3925767
4641404
5357041
6072678
6788315
7503952
8219589
8935226
9650863
366500
1082137
1797774
2513411
3229048
3944685
4660322
5375959
6091596
6807233
7522870
8238507
8954144
9669781
385418
1101055
1816692
2532329
3247966
3963603
4679240
5394877
6110514
6826151
7541788
8257425
8973062
9688699
404336
1119973
1835610
2551247
3266884
3982521
4698158
5413795
6129432
6845069
7560706
8276343
8991980
9707617
423254
1138891
1854528
2570165
3285802
4001439
4717076
5432713
6148350
6863987
7579624
8295261
9010898
9726535
442172
1157809
1873446
2589083
3304720
4020357
4735994
5451631
6167268
6882905
7598542
8314179
9029816
9745453
461090
1176727
1892364
2608001
3323638
4039275
4754912
5470549
6186186
6901823
7617460
8333097
9048734
9764371
480008
1195645
1911282
2626919
3342556
4058193
4773830
5489467
6205104
6920741
7636378
8352015
9067652
9783289
498926
1214563
1930200
2645837
3361474
4077111
4792748
5508385
6224022
6939659
7655296
8370933
9086570
9802207
517844
1233481
1949118
2664755
3380392
4096029
4811666
5527303
6242940
6958577
7674214
8389851
9105488
9821125
536762
1252399
1968036
2683673
3399310
4114947
4830584
5546221
6261858
6977495
7693132
8408769
9124406
9840043
555680
1271317
1986954
2702591
3418228
4133865
4849502
5565139
6280776
6996413
7712050
8427687
9143324
9858961
574598
1290235
2005872
2721509
3437146
4152783
4868420
5584057
6299694
7015331
7730968
8446605
9162242
9877879
593516
1309153
2024790
2740427
3456064
4171701
4887338
5602975
6318612
7034249
7749886
8465523
9181160
9896797
612434
1328071
2043708
2759345
3474982
4190619
4906256
5621893
6337530
7053167
7768804
8484441
9200078
9915715
631352
1346989
2062626
2778263
3493900
4209537
4925174
5640811
6356448
7072085
7787722
8503359
9218996
9934633
650270
1365907
2081544
2797181
3512818
4228455
4944092
5659729
6375366
7091003
7806640
8522277
9237914
9953551
669188
1384825
2100462
2816099
3531736
4247373
4963010
5678647
6394284
7109921
7825558
8541195
9256832
9972469
688106
1403743
2119380
2835017
3550654
4266291
4981928
5697565
6413202
7128839
7844476
8560113
9275750
9991387
707024
1422661
2138298
2853935
3569572
4285209
5000846
5716483
6432120
7147757
7863394
8579031
9294668
10305
725942
1441579
2157216
2872853
3588490
4304127
5019764
5735401
6451038
7166675
7882312
8597949
9313586
29223
744860
1460497
2176134
2891771
3607408
4323045
5038682
5754319
6469956
7185593
7901230
8616867
9332504
48141
763778
1479415
2195052
2910689
3626326
4341963
5057600
5773237
6488874
7204511
7920148
8635785
9351422
67059
782696
1498333
2213970
2929607
3645244
4360881
5076518
5792155
6507792
7223429
7939066
8654703
9370340
85977
801614
1517251
2232888
2948525
3664162
4379799
5095436
5811073
6526710
7242347
7957984
8673621
9389258
104895
820532
1536169
2251806
2967443
3683080
4398717
5114354
5829991
6545628
7261265
7976902
8692539
9408176
123813
839450
1555087
2270724
2986361
3701998
4417635
5133272
5848909
6564546
7280183
7995820
8711457
9427094
142731
858368
1574005
2289642
3005279
3720916
4436553
5152190
5867827
6583464
7299101
8014738
8730375
9446012
161649
877286
1592923
2308560
3024197
3739834
4455471
5171108
5886745
6602382
7318019
8033656
8749293
9464930
180567
896204
1611841
2327478
3043115
3758752
4474389
5190026
5905663
6621300
7336937
8052574
8768211
9483848
199485
915122
1630759
2346396
3062033
3777670
4493307
5208944
5924581
6640218
7355855
8071492
8787129
9502766
218403
934040
1649677
2365314
3080951
3796588
4512225
5227862
5943499
6659136
7374773
8090410
8806047
9521684
237321
952958
1668595
2384232
3099869
3815506
4531143
5246780
5962417
6678054
7393691
8109328
8824965
9540602
256239
971876
1687513
2403150
3118787
3834424
4550061
5265698
5981335
6696972
7412609
8128246
8843883
9559520
275157
990794
1706431
2422068
3137705
3853342
4568979
5284616
6000253
6715890
7431527
8147164
8862801
9578438
294075
1009712
1725349
2440986
3156623
3872260
4587897
5303534
6019171
6734808
7450445
8166082
8881719
9597356
312993
1028630
1744267
2459904
3175541
3891178
4606815
5322452
6038089
6753726
7469363
8185000
8900637
9616274
331911
1047548
1763185
2478822
3194459
3910096
4625733
5341370
6057007
6772644
7488281
8203918
8919555
9635192
350829
1066466
1782103
2497740
3213377
3929014
4644651
5360288
6075925
6791562
7507199
8222836
8938473
9654110
369747
1085384
1801021
2516658
3232295
3947932
4663569
5379206
6094843
6810480
7526117
8241754
8957391
9673028
388665
1104302
1819939
2535576
3251213
3966850
4682487
5398124
6113761
6829398
7545035
8260672
8976309
9691946
407583
1123220
1838857
2554494
3270131
3985768
4701405
5417042
6132679
6848316
7563953
8279590
8995227
9710864
426501
1142138
1857775
2573412
3289049
4004686
4720323
5435960
6151597
6867234
7582871
8298508
9014145
9729782
445419
1161056
1876693
2592330
3307967
4023604
4739241
5454878
6170515
6886152
7601789
8317426
9033063
9748700
464337
1179974
1895611
2611248
3326885
4042522
4758159
5473796
6189433
6905070
7620707
8336344
9051981
9767618
483255
1198892
1914529
2630166
3345803
4061440
4777077
5492714
6208351
6923988
7639625
8355262
9070899
9786536
502173
1217810
1933447
2649084
3364721
4080358
4795995
5511632
6227269
6942906
7658543
8374180
9089817
9805454
521091
1236728
1952365
2668002
3383639
4099276
4814913
5530550
6246187
6961824
7677461
8393098
9108735
9824372
540009
1255646
1971283
2686920
3402557
4118194
4833831
5549468
6265105
6980742
7696379
8412016
9127653
9843290
558927
1274564
1990201
2705838
3421475
4137112
4852749
5568386
6284023
6999660
7715297
8430934
9146571
9862208
577845
1293482
2009119
2724756
3440393
4156030
4871667
5587304
6302941
7018578
7734215
8449852
9165489
9881126
596763
1312400
2028037
2743674
3459311
4174948
4890585
5606222
6321859
7037496
7753133
8468770
9184407
9900044
615681
1331318
2046955
2762592
3478229
4193866
4909503
5625140
6340777
7056414
7772051
8487688
9203325
9918962
634599
1350236
2065873
2781510
3497147
4212784
4928421
5644058
6359695
7075332
7790969
8506606
9222243
9937880
653517
1369154
2084791
2800428
3516065
4231702
4947339
5662976
6378613
7094250
7809887
8525524
9241161
9956798
672435
1388072
2103709
2819346
3534983
4250620
4966257
5681894
6397531
7113168
7828805
8544442
9260079
9975716
691353
1406990
2122627
2838264
3553901
4269538
4985175
5700812
6416449
7132086
7847723
8563360
9278997
9994634
710271
1425908
2141545
2857182
3572819
4288456
5004093
5719730
6435367
7151004
7866641
8582278
9297915
13552
729189
1444826
2160463
2876100
3591737
4307374
5023011
5738648
6454285
7169922
7885559
8601196
9316833
32470
748107
1463744
2179381
2895018
3610655
4326292
5041929
5757566
6473203
7188840
7904477
8620114
9335751
51388
767025
1482662
2198299
2913936
3629573
4345210
5060847
5776484
6492121
7207758
7923395
8639032
9354669
70306
785943
1501580
2217217
2932854
3648491
4364128
5079765
5795402
6511039
7226676
7942313
8657950
9373587
89224
804861
1520498
2236135
2951772
3667409
4383046
5098683
5814320
6529957
7245594
7961231
8676868
9392505
108142
823779
1539416
2255053
2970690
3686327
4401964
5117601
5833238
6548875
7264512
7980149
8695786
9411423
127060
842697
1558334
2273971
2989608
3705245
4420882
5136519
5852156
6567793
7283430
7999067
8714704
9430341
145978
861615
1577252
2292889
3008526
3724163
4439800
5155437
5871074
6586711
7302348
8017985
8733622
9449259
164896
880533
1596170
2311807
3027444
3743081
4458718
5174355
5889992
6605629
7321266
8036903
8752540
9468177
183814
899451
1615088
2330725
3046362
3761999
4477636
5193273
5908910
6624547
7340184
8055821
8771458
9487095
202732
918369
1634006
2349643
3065280
3780917
4496554
5212191
5927828
6643465
7359102
8074739
8790376
9506013
221650
937287
1652924
2368561
3084198
3799835
4515472
5231109
5946746
6662383
7378020
8093657
8809294
9524931
240568
956205
1671842
2387479
3103116
3818753
4534390
5250027
5965664
6681301
7396938
8112575
8828212
9543849
259486
975123
1690760
2406397
3122034
3837671
4553308
5268945
5984582
6700219
7415856
8131493
8847130
9562767
278404
994041
1709678
2425315
3140952
3856589
4572226
5287863
6003500
6719137
7434774
8150411
8866048
9581685
297322
1012959
1728596
2444233
3159870
3875507
4591144
5306781
6022418
6738055
7453692
8169329
8884966
9600603
316240
1031877
1747514
2463151
3178788
3894425
4610062
5325699
6041336
6756973
7472610
8188247
8903884
9619521
335158
1050795
1766432
2482069
3197706
3913343
4628980
5344617
6060254
6775891
7491528
8207165
8922802
9638439
354076
1069713
1785350
2500987
3216624
3932261
4647898
5363535
6079172
6794809
7510446
8226083
8941720
9657357
372994
1088631
1804268
2519905
3235542
3951179
4666816
5382453
6098090
6813727
7529364
8245001
8960638
9676275
391912
1107549
1823186
2538823
3254460
3970097
4685734
5401371
6117008
6832645
7548282
8263919
8979556
9695193
410830
1126467
1842104
2557741
3273378
3989015
4704652
5420289
6135926
6851563
7567200
8282837
8998474
9714111
429748
1145385
1861022
2576659
3292296
4007933
4723570
5439207
6154844
6870481
7586118
8301755
9017392
9733029
448666
1164303
1879940
2595577
3311214
4026851
4742488
5458125
6173762
6889399
7605036
8320673
9036310
9751947
467584
1183221
1898858
2614495
3330132
4045769
4761406
5477043
6192680
6908317
7623954
8339591
9055228
9770865
486502
1202139
1917776
2633413
3349050
4064687
4780324
5495961
6211598
6927235
7642872
8358509
9074146
9789783
505420
1221057
1936694
2652331
3367968
4083605
4799242
5514879
6230516
6946153
7661790
8377427
9093064
9808701
524338
1239975
1955612
2671249
3386886
4102523
4818160
5533797
6249434
6965071
7680708
8396345
9111982
9827619
543256
1258893
1974530
2690167
3405804
4121441
4837078
5552715
6268352
6983989
7699626
8415263
9130900
9846537
562174
1277811
1993448
2709085
3424722
4140359
4855996
5571633
6287270
7002907
7718544
8434181
9149818
9865455
581092
1296729
2012366
2728003
3443640
4159277
4874914
5590551
6306188
7021825
7737462
8453099
9168736
9884373
600010
1315647
2031284
2746921
3462558
4178195
4893832
5609469
6325106
7040743
7756380
8472017
9187654
9903291
618928
1334565
2050202
2765839
3481476
4197113
4912750
5628387
6344024
7059661
7775298
8490935
9206572
9922209
637846
1353483
2069120
2784757
3500394
4216031
4931668
5647305
6362942
7078579
7794216
8509853
9225490
9941127
656764
1372401
2088038
2803675
3519312
4234949
4950586
5666223
6381860
7097497
7813134
8528771
9244408
9960045
675682
1391319
2106956
2822593
3538230
4253867
4969504
5685141
6400778
7116415
7832052
8547689
9263326
9978963
694600
1410237
2125874
2841511
3557148
4272785
4988422
5704059
6419696
7135333
7850970
8566607
9282244
9997881
713518
1429155
2144792
2860429
3576066
4291703
5007340
5722977
6438614
7154251
7869888
8585525
9301162
16799
732436
1448073
2163710
2879347
3594984
4310621
5026258
5741895
6457532
7173169
7888806
8604443
9320080
35717
751354
1466991
2182628
2898265
3613902
4329539
5045176
5760813
6476450
7192087
7907724
8623361
9338998
54635
770272
1485909
2201546
2917183
3632820
4348457
5064094
5779731
6495368
7211005
7926642
8642279
9357916
73553
789190
1504827
2220464
2936101
3651738
4367375
5083012
5798649
6514286
7229923
7945560
8661197
9376834
92471
808108
1523745
2239382
2955019
3670656
4386293
5101930
5817567
6533204
7248841
7964478
8680115
9395752
111389
827026
1542663
2258300
2973937
3689574
4405211
5120848
5836485
6552122
7267759
7983396
8699033
9414670
130307
845944
1561581
2277218
2992855
3708492
4424129
5139766
5855403
6571040
7286677
8002314
8717951
9433588
149225
864862
1580499
2296136
3011773
3727410
4443047
5158684
5874321
6589958
7305595
8021232
8736869
9452506
168143
883780
1599417
2315054
3030691
3746328
4461965
5177602
5893239
6608876
7324513
8040150
8755787
9471424
187061
902698
1618335
2333972
3049609
3765246
4480883
5196520
5912157
6627794
7343431
8059068
8774705
9490342
205979
921616
1637253
2352890
3068527
3784164
4499801
5215438
5931075
6646712
7362349
8077986
8793623
9509260
224897
940534
1656171
2371808
3087445
3803082
4518719
5234356
5949993
6665630
7381267
8096904
8812541
9528178
243815
959452
1675089
2390726
3106363
3822000
4537637
5253274
5968911
6684548
7400185
8115822
8831459
9547096
262733
978370
1694007
2409644
3125281
3840918
4556555
5272192
5987829
6703466
7419103
8134740
8850377
9566014
281651
997288
1712925
2428562
3144199
3859836
4575473
5291110
6006747
6722384
7438021
8153658
8869295
9584932
300569
1016206
1731843
2447480
3163117
3878754
4594391
5310028
6025665
6741302
7456939
8172576
8888213
9603850
319487
1035124
1750761
2466398
3182035
3897672
4613309
5328946
6044583
6760220
7475857
8191494
8907131
9622768
338405
1054042
1769679
2485316
3200953
3916590
4632227
5347864
6063501
6779138
7494775
8210412
8926049
9641686
357323
1072960
1788597
2504234
3219871
3935508
4651145
5366782
6082419
6798056
7513693
8229330
8944967
9660604
376241
1091878
1807515
2523152
3238789
3954426
4670063
5385700
6101337
6816974
7532611
8248248
8963885
9679522
395159
1110796
1826433
2542070
3257707
3973344
4688981
5404618
6120255
6835892
7551529
8267166
8982803
9698440
414077
1129714
1845351
2560988
3276625
3992262
4707899
5423536
6139173
6854810
7570447
8286084
9001721
9717358
432995
1148632
1864269
2579906
3295543
4011180
4726817
5442454
6158091
6873728
7589365
8305002
9020639
9736276
451913
1167550
1883187
2598824
3314461
4030098
4745735
5461372
6177009
6892646
7608283
8323920
9039557
9755194
470831
1186468
1902105
2617742
3333379
4049016
4764653
5480290
6195927
6911564
7627201
8342838
9058475
9774112
489749
1205386
1921023
2636660
3352297
4067934
4783571
5499208
6214845
6930482
7646119
8361756
9077393
9793030
508667
1224304
1939941
2655578
3371215
4086852
4802489
5518126
6233763
6949400
7665037
8380674
9096311
9811948
527585
1243222
1958859
2674496
3390133
4105770
4821407
5537044
6252681
6968318
7683955
8399592
9115229
9830866
546503
1262140
1977777
2693414
3409051
4124688
4840325
5555962
6271599
6987236
7702873
8418510
9134147
9849784
565421
1281058
1996695
2712332
3427969
4143606
4859243
5574880
6290517
7006154
7721791
8437428
9153065
9868702
584339
1299976
2015613
2731250
3446887
4162524
4878161
5593798
6309435
7025072
7740709
8456346
9171983
9887620
603257
1318894
2034531
2750168
3465805
4181442
4897079
5612716
6328353
7043990
7759627
8475264
9190901
9906538
622175
1337812
2053449
2769086
3484723
4200360
4915997
5631634
6347271
7062908
7778545
8494182
9209819
9925456
641093
1356730
2072367
2788004
3503641
4219278
4934915
5650552
6366189
7081826
7797463
8513100
9228737
9944374
660011
1375648
2091285
2806922
3522559
4238196
4953833
5669470
6385107
7100744
7816381
8532018
9247655
9963292
678929
1394566
2110203
2825840
3541477
4257114
4972751
5688388
6404025
7119662
7835299
8550936
9266573
9982210
697847
1413484
2129121
2844758
3560395
4276032
4991669
5707306
6422943
7138580
7854217
8569854
9285491
1128
716765
1432402
2148039
2863676
3579313
4294950
5010587
5726224
6441861
7157498
7873135
8588772
9304409
20046
735683
1451320
2166957
2882594
3598231
4313868
5029505
5745142
6460779
7176416
7892053
8607690
9323327
38964
754601
1470238
2185875
2901512
3617149
4332786
5048423
5764060
6479697
7195334
7910971
8626608
9342245
57882
773519
1489156
2204793
2920430
3636067
4351704
5067341
5782978
6498615
7214252
7929889
8645526
9361163
76800
792437
1508074
2223711
2939348
3654985
4370622
5086259
5801896
6517533
7233170
7948807
8664444
9380081
95718
811355
1526992
2242629
2958266
3673903
4389540
5105177
5820814
6536451
7252088
7967725
8683362
9398999
114636
830273
1545910
2261547
2977184
3692821
4408458
5124095
5839732
6555369
7271006
7986643
8702280
9417917
133554
849191
1564828
2280465
2996102
3711739
4427376
5143013
5858650
6574287
7289924
8005561
8721198
9436835
152472
868109
1583746
2299383
3015020
3730657
4446294
5161931
5877568
6593205
7308842
8024479
8740116
9455753
171390
887027
1602664
2318301
3033938
3749575
4465212
5180849
5896486
6612123
7327760
8043397
8759034
9474671
190308
905945
1621582
2337219
3052856
3768493
4484130
5199767
5915404
6631041
7346678
8062315
8777952
9493589
209226
924863
1640500
2356137
3071774
3787411
4503048
5218685
5934322
6649959
7365596
8081233
8796870
9512507
228144
943781
1659418
2375055
3090692
3806329
4521966
5237603
5953240
6668877
7384514
8100151
8815788
9531425
247062
962699
1678336
2393973
3109610
3825247
4540884
5256521
5972158
6687795
7403432
8119069
8834706
9550343
265980
981617
1697254
2412891
3128528
3844165
4559802
5275439
5991076
6706713
7422350
8137987
8853624
9569261
284898
1000535
1716172
2431809
3147446
3863083
4578720
5294357
6009994
6725631
7441268
8156905
8872542
9588179
303816
1019453
1735090
2450727
3166364
3882001
4597638
5313275
6028912
6744549
7460186
8175823
8891460
9607097
322734
1038371
1754008
2469645
3185282
3900919
4616556
5332193
6047830
6763467
7479104
8194741
8910378
9626015
341652
1057289
1772926
2488563
3204200
3919837
4635474
5351111
6066748
6782385
7498022
8213659
8929296
9644933
360570
1076207
1791844
2507481
3223118
3938755
4654392
5370029
6085666
6801303
7516940
8232577
8948214
9663851
379488
1095125
1810762
2526399
3242036
3957673
4673310
5388947
6104584
6820221
7535858
8251495
8967132
9682769
398406
1114043
1829680
2545317
3260954
3976591
4692228
5407865
6123502
6839139
7554776
8270413
8986050
9701687
417324
1132961
1848598
2564235
3279872
3995509
4711146
5426783
6142420
6858057
7573694
8289331
9004968
9720605
436242
1151879
1867516
2583153
3298790
4014427
4730064
5445701
6161338
6876975
7592612
8308249
9023886
9739523
455160
1170797
1886434
2602071
3317708
4033345
4748982
5464619
6180256
6895893
7611530
8327167
9042804
9758441
474078
1189715
1905352
2620989
3336626
4052263
4767900
5483537
6199174
6914811
7630448
8346085
9061722
9777359
492996
1208633
1924270
2639907
3355544
4071181
4786818
5502455
6218092
6933729
7649366
8365003
9080640
9796277
511914
1227551
1943188
2658825
3374462
4090099
4805736
5521373
6237010
6952647
7668284
8383921
9099558
9815195
530832
1246469
1962106
2677743
3393380
4109017
4824654
5540291
6255928
6971565
7687202
8402839
9118476
9834113
549750
1265387
1981024
2696661
3412298
4127935
4843572
5559209
6274846
6990483
7706120
8421757
9137394
9853031
568668
1284305
1999942
2715579
3431216
4146853
4862490
5578127
6293764
7009401
7725038
8440675
9156312
9871949
587586
1303223
2018860
2734497
3450134
4165771
4881408
5597045
6312682
7028319
7743956
8459593
9175230
9890867
606504
1322141
2037778
2753415
3469052
4184689
4900326
5615963
6331600
7047237
7762874
8478511
9194148
9909785
625422
1341059
2056696
2772333
3487970
4203607
4919244
5634881
6350518
7066155
7781792
8497429
9213066
9928703
644340
1359977
2075614
2791251
3506888
4222525
4938162
5653799
6369436
7085073
7800710
8516347
9231984
9947621
663258
1378895
2094532
2810169
3525806
4241443
4957080
5672717
6388354
7103991
7819628
8535265
9250902
9966539
682176
1397813
2113450
2829087
3544724
4260361
4975998
5691635
6407272
7122909
7838546
8554183
9269820
9985457
701094
1416731
2132368
2848005
3563642
4279279
4994916
5710553
6426190
7141827
7857464
8573101
9288738
4375
720012
1435649
2151286
2866923
3582560
4298197
5013834
5729471
6445108
7160745
7876382
8592019
9307656
23293
738930
1454567
2170204
2885841
3601478
4317115
5032752
5748389
6464026
7179663
7895300
8610937
9326574
42211
757848
1473485
2189122
2904759
3620396
4336033
5051670
5767307
6482944
7198581
7914218
8629855
9345492
61129
776766
1492403
2208040
2923677
3639314
